{
    "Molecule": {
        "Atoms": [
            {
                "BasisFunctions": [
                    {
                        "Coefficients": [
                            0.15432897000916182,
                            0.53532814003178,
                            0.4446345400263961
                        ],
                        "Exponents": [
                            71.616837,
                            13.045096,
                            3.5305122
                        ],
                        "Shell": "s"
                    },
                    {
                        "Coefficients": [
                            -0.09996723007596425,
                            0.3995128303035864,
                            0.7001154705320117
                        ],
                        "Exponents": [
                            2.9412494,
                            0.6834831,
                            0.2222899
                        ],
                        "Shell": "s"
                    },
                    {
                        "Coefficients": [
                            0.1559162721051074,
                            0.6076837282046569,
                            0.3919573952920225
                        ],
                        "Exponents": [
                            2.9412494,
                            0.6834831,
                            0.2222899
                        ],
                        "Shell": "p"
                    }
                ],
                "Coords": [
                    0.0,
                    0.0,
                    0.0
                ],
                "ElementLabel": "C",
                "ElementNumber": 6,
                "Idx": 0,
                "NuclearCharge": 6.0
            },
            {
                "BasisFunctions": [
                    {
                        "Coefficients": [
                            0.1543289707029839,
                            0.5353281424384732,
                            0.4446345420253548
                        ],
                        "Exponents": [
                            3.42525091,
                            0.62391373,
                            0.1688554
                        ],
                        "Shell": "s"
                    }
                ],
                "Coords": [
                    0.0,
                    0.0,
                    2.057911759840243
                ],
                "ElementLabel": "H",
                "ElementNumber": 1,
                "Idx": 1,
                "NuclearCharge": 1.0
            },
            {
                "BasisFunctions": [
                    {
                        "Coefficients": [
                            0.1543289707029839,
                            0.5353281424384732,
                            0.4446345420253548
                        ],
                        "Exponents": [
                            3.42525091,
                            0.62391373,
                            0.1688554
                        ],
                        "Shell": "s"
                    }
                ],
                "Coords": [
                    1.940181821696949,
                    0.0,
                    -0.6859705866134144
                ],
                "ElementLabel": "H",
                "ElementNumber": 1,
                "Idx": 2,
                "NuclearCharge": 1.0
            },
            {
                "BasisFunctions": [
                    {
                        "Coefficients": [
                            0.1543289707029839,
                            0.5353281424384732,
                            0.4446345420253548
                        ],
                        "Exponents": [
                            3.42525091,
                            0.62391373,
                            0.1688554
                        ],
                        "Shell": "s"
                    }
                ],
                "Coords": [
                    -0.9701853971551705,
                    -1.680344478282777,
                    -0.6859705866134144
                ],
                "ElementLabel": "H",
                "ElementNumber": 1,
                "Idx": 3,
                "NuclearCharge": 1.0
            },
            {
                "BasisFunctions": [
                    {
                        "Coefficients": [
                            0.1543289707029839,
                            0.5353281424384732,
                            0.4446345420253548
                        ],
                        "Exponents": [
                            3.42525091,
                            0.62391373,
                            0.1688554
                        ],
                        "Shell": "s"
                    }
                ],
                "Coords": [
                    -0.9701853971551705,
                    1.680344478282777,
                    -0.6859705866134144
                ],
                "ElementLabel": "H",
                "ElementNumber": 1,
                "Idx": 4,
                "NuclearCharge": 1.0
            }
        ],
        "BaseName": "methane",
        "Charge": 0,
        "CoordinateUnits": "Bohrs",
        "H-Matrix": [
            [
                -19.70530264562079,
                -4.760856547941811,
                -1.210845240054666e-06,
                -1.3415368512714829e-06,
                0.0,
                -1.2063136716656768,
                -1.20636409478147,
                -1.2061790226313627,
                -1.2061790226313627
            ],
            [
                -4.760856547941811,
                -6.606284465204584,
                -1.0062459762512908e-05,
                -8.188313438695307e-06,
                0.0,
                -2.8547746692359297,
                -2.854844743673179,
                -2.854578237269762,
                -2.854578237269762
            ],
            [
                -1.210845240054666e-06,
                -1.0062459762512908e-05,
                -5.558957676184225,
                5.510152480635338e-06,
                0.0,
                -2.3435943828607497,
                0.78122055315884,
                0.7811239865523734,
                0.7811239865523733
            ],
            [
                -1.3415368512714829e-06,
                -8.188313438695307e-06,
                5.510152480635338e-06,
                -5.55896392386007,
                0.0,
                -7.877274211626536e-07,
                -2.2095932793054427,
                1.1047664877275587,
                1.1047664877275587
            ],
            [
                0.0,
                0.0,
                0.0,
                0.0,
                -5.558946039151779,
                0.0,
                0.0,
                1.9134375659358926,
                -1.9134375659358926
            ],
            [
                -1.2063136716656768,
                -2.8547746692359297,
                -2.3435943828607497,
                -7.877274211626536e-07,
                0.0,
                -4.21071503695613,
                -0.9280269678153736,
                -0.9279545185750123,
                -0.9279545185750123
            ],
            [
                -1.20636409478147,
                -2.854844743673179,
                0.78122055315884,
                -2.2095932793054427,
                0.0,
                -0.9280269678153736,
                -4.210755326429576,
                -0.927951792736188,
                -0.927951792736188
            ],
            [
                -1.2061790226313627,
                -2.854578237269762,
                0.7811239865523734,
                1.1047664877275587,
                1.9134375659358926,
                -0.9279545185750123,
                -0.927951792736188,
                -4.2105870244801045,
                -0.927886707294311
            ],
            [
                -1.2061790226313627,
                -2.854578237269762,
                0.7811239865523733,
                1.1047664877275587,
                -1.9134375659358926,
                -0.9279545185750123,
                -0.927951792736188,
                -0.927886707294311,
                -4.2105870244801045
            ]
        ],
        "HFTyp": "RHF",
        "MolecularOrbitals": {
            "EnergyUnit": "Eh",
            "MOs": [
                {
                    "MOCoefficients": [
                        0.9919535175928113,
                        0.03807533586154471,
                        3.34006266892052e-07,
                        4.120608966360421e-07,
                        -4.724490432102729e-16,
                        -0.006934567465470477,
                        -0.006934712411596358,
                        -0.006934054408184986,
                        -0.006934054408184423
                    ],
                    "Occupancy": 2.0,
                    "OrbitalEnergy": -11.030139795463242
                },
                {
                    "MOCoefficients": [
                        0.22120237213933266,
                        -0.6292553253477755,
                        -9.580972800095342e-06,
                        -1.430863043702282e-05,
                        1.3229633682591663e-15,
                        -0.18074712581438002,
                        -0.18075282765923767,
                        -0.18072904153594138,
                        -0.18072904153593988
                    ],
                    "Occupancy": 2.0,
                    "OrbitalEnergy": -0.9089633089759123
                },
                {
                    "MOCoefficients": [
                        9.043113708840872e-07,
                        -8.945759839848217e-06,
                        -0.3034841898447837,
                        0.4839514283707108,
                        -4.145056424034791e-12,
                        -0.2773812022820437,
                        0.5094832025329357,
                        -0.11606346685280144,
                        -0.11606346685898916
                    ],
                    "Occupancy": 2.0,
                    "OrbitalEnergy": -0.518120021713076
                },
                {
                    "MOCoefficients": [
                        4.198140668258106e-06,
                        -2.338023309050466e-05,
                        0.4839539846934361,
                        0.3034836126762409,
                        -2.8976875624230534e-13,
                        0.44232285922606723,
                        0.11405963115524341,
                        -0.2782091937363485,
                        -0.2782091937367832
                    ],
                    "Occupancy": 2.0,
                    "OrbitalEnergy": -0.5181063520009113
                },
                {
                    "MOCoefficients": [
                        5.46878046918682e-16,
                        -2.246870067611744e-15,
                        1.955937073443622e-12,
                        -3.665444660254942e-12,
                        -0.5712389299496023,
                        1.7885380810963535e-12,
                        -3.755553057771256e-12,
                        0.426299355200625,
                        -0.4262993551986571
                    ],
                    "Occupancy": 2.0,
                    "OrbitalEnergy": -0.5180967546945366
                },
                {
                    "MOCoefficients": [
                        2.000615850946639e-14,
                        -1.2403811892510765e-13,
                        8.828162386239292e-11,
                        6.881841955081282e-11,
                        1.102167854497148,
                        -8.469586896158663e-11,
                        -3.3982443187005397e-11,
                        0.8638722958681888,
                        -0.8638722957493025
                    ],
                    "Occupancy": 0.0,
                    "OrbitalEnergy": 0.7138736993269044
                },
                {
                    "MOCoefficients": [
                        -0.00018905221872533552,
                        0.0011697648139285168,
                        -0.8972937948780191,
                        -0.6400659175982563,
                        1.1183387960796473e-10,
                        0.8608822348866911,
                        0.2916690047453635,
                        -0.5772546855085731,
                        -0.577254685683883
                    ],
                    "Occupancy": 0.0,
                    "OrbitalEnergy": 0.7139022825423431
                },
                {
                    "MOCoefficients": [
                        -7.858498401558228e-05,
                        0.0004797475976798733,
                        0.6400810940119639,
                        -0.897319130220703,
                        4.7576455529853605e-12,
                        -0.6146510383720508,
                        1.0167440857707788,
                        -0.20145507223706663,
                        -0.20145507224452544
                    ],
                    "Occupancy": 0.0,
                    "OrbitalEnergy": 0.7139387055586903
                },
                {
                    "MOCoefficients": [
                        0.25177070624168574,
                        -1.6171387718295962,
                        -0.0004935634678528666,
                        -0.0007810056521936942,
                        -6.670674158137736e-16,
                        0.6641457094450317,
                        0.6642474130643194,
                        0.6631499186651894,
                        0.6631499186651927
                    ],
                    "Occupancy": 0.0,
                    "OrbitalEnergy": 0.7519923385737237
                }
            ],
            "OrbitalLabels": [
                "0C   1s",
                "0C   2s",
                "0C   1pz",
                "0C   1px",
                "0C   1py",
                "1H   1s",
                "2H   1s",
                "3H   1s",
                "4H   1s"
            ]
        },
        "Multiplicity": 1,
        "S-Matrix": [
            [
                1.0,
                0.24836239031011142,
                0.0,
                0.0,
                0.0,
                0.06242102889038707,
                0.06242364610999604,
                0.06241405663376459,
                0.06241405663376459
            ],
            [
                0.24836239031011142,
                1.0,
                0.0,
                0.0,
                0.0,
                0.4913297961208881,
                0.49134013337481275,
                0.4913022560706868,
                0.4913022560706868
            ],
            [
                0.0,
                0.0,
                0.9999999999999996,
                0.0,
                0.0,
                0.4676179210545995,
                -0.15587726287141673,
                -0.15586032554246299,
                -0.15586032554246299
            ],
            [
                0.0,
                0.0,
                0.0,
                0.9999999999999998,
                0.0,
                0.0,
                0.4408792996971999,
                -0.22043716565702612,
                -0.22043716565702612
            ],
            [
                0.0,
                0.0,
                0.0,
                0.0,
                0.9999999999999998,
                0.0,
                0.0,
                -0.38179339248583494,
                0.38179339248583494
            ],
            [
                0.06242102889038707,
                0.4913297961208881,
                0.4676179210545995,
                0.0,
                0.0,
                0.9999999999999999,
                0.1696996297345066,
                0.16968906283361657,
                0.16968906283361657
            ],
            [
                0.06242364610999604,
                0.49134013337481275,
                -0.15587726287141673,
                0.4408792996971999,
                0.0,
                0.1696996297345066,
                0.9999999999999999,
                0.1696872601015491,
                0.1696872601015491
            ],
            [
                0.06241405663376459,
                0.4913022560706868,
                -0.15586032554246299,
                -0.22043716565702612,
                -0.38179339248583494,
                0.16968906283361657,
                0.1696872601015491,
                0.9999999999999999,
                0.16967827184964648
            ],
            [
                0.06241405663376459,
                0.4913022560706868,
                -0.15586032554246299,
                -0.22043716565702612,
                0.38179339248583494,
                0.16968906283361657,
                0.1696872601015491,
                0.16967827184964648,
                0.9999999999999999
            ]
        ],
        "T-Matrix": [
            [
                15.891121688446425,
                -0.08589001370498854,
                0.0,
                0.0,
                0.0,
                -0.010489983805138426,
                -0.010489345478734275,
                -0.010491683773984522,
                -0.010491683773984522
            ],
            [
                -0.08589001370498854,
                0.47224997337183816,
                0.0,
                0.0,
                0.0,
                0.10718791345402319,
                0.10719378536217025,
                0.10717227046087274,
                0.10717227046087274
            ],
            [
                0.0,
                0.0,
                1.4777280778078747,
                0.0,
                0.0,
                0.26178985576505287,
                -0.08726841345099152,
                -0.087249623916917,
                -0.087249623916917
            ],
            [
                0.0,
                0.0,
                0.0,
                1.4777280778078752,
                0.0,
                0.0,
                0.24682776884334162,
                -0.1233993303552209,
                -0.1233993303552209
            ],
            [
                0.0,
                0.0,
                0.0,
                0.0,
                1.4777280778078754,
                0.0,
                0.0,
                -0.21372552503284467,
                0.21372552503284467
            ],
            [
                -0.010489983805138426,
                0.10718791345402319,
                0.26178985576505287,
                0.0,
                0.0,
                0.7600318835666087,
                -0.005516378549221606,
                -0.005517650030423803,
                -0.005517650030423803
            ],
            [
                -0.010489345478734275,
                0.10719378536217025,
                -0.08726841345099152,
                0.24682776884334162,
                0.0,
                -0.005516378549221606,
                0.7600318835666087,
                -0.005517866934372945,
                -0.005517866934372945
            ],
            [
                -0.010491683773984522,
                0.10717227046087274,
                -0.087249623916917,
                -0.1233993303552209,
                -0.21372552503284467,
                -0.005517650030423803,
                -0.005517866934372945,
                0.7600318835666087,
                -0.00551894834042872
            ],
            [
                -0.010491683773984522,
                0.10717227046087274,
                -0.087249623916917,
                -0.1233993303552209,
                0.21372552503284467,
                -0.005517650030423803,
                -0.005517866934372945,
                -0.00551894834042872,
                0.7600318835666087
            ]
        ]
    },
    "ORCA Header": {
        "Version": "5.0 - current"
    }
}
